58717434
37114728
91817449
97440169
28687491
61008624
72095239
68609997
10448772
45770950
66373000
32269236
97686406
71138541
29162005
68334631
20114864
46846165
87673671
87333540
52653100
58131734
81527251
50046122
27164202
95005641
92578912
30700196
59011966
17120387
81959930
87030511
88324965
52430959
73936414
62842634
63020133
70416775
49656437
47901657
45773138
85116783
75988254
65730582
88126444
70666222
92663460
48318549
61663782
15955465
58443023
13843378
24446850
21879358
14773398
84665113
69275031
70322266
59811698
62514737
63010613
31197303
90498893
17958886
46722591
10129558
47831769
27245329
61666807
58754900
50663934
88840519
18122807
42008268
37473707
68655419
90683099
91575818
48479694
45624272
85194141
44952999
61442526
21845208
24634118
39514389
14413282
64853518
60179113
84255036
37449883
19196421
85175473
12834974
61274723
74042892
99354096
20002206
43956467
10710747
71706413
85971813
88520328
40965784
42167731
37535575
83368854
91665751
15279629
88526200
17840067
53688377
76985345
69929428
91690179
39307797
19499513
73724786
23478988
93804098
47999382
48010515
26933124
78278704
39090525
26568207
94298387
96787569
47944290
44828854
54596974
11586195
22806232
13552887
95451834
57663262
18305121
93739621
35962115
47295232
22964124
84083185
24897956
85599147
16132248
84196296
15855576
99592020
73234600
74187530
82071510
77416067
25330500
23199304
76827334
30691212
72653329
62856789
26563860
43846829
40519884
50956381
36222810
78072668
54022379
50400835
27472064
48424396
97440535
95452573
41349740
18350661
85796643
98095602
32962377
34373225
97458212
46530660
98804755
61212378
31556118
17466384
32226170
72336326
17654184
48720915
11046376
95187279
20115004
32781026
75693499
47940855
20931666
53063432
48014437
10196435
20785662
89213494
35266078
22487253
19189207
24707149
11549779
21107130
47603208
93668364
56862203
10176317
92444448
38802199
10242286
63091307
42585462
62290202
53593437
13095958
95616055
76554119
51114083
88424206
46396283
69043461
29567231
31002606
73338430
70675063
73111406
87683071
76101225
48556207
93669252
77159330
56056482
94520879
86061164
36564131
14322051
85044434
74172666
10241690
61093796
32284173
14794942
23084297
61099998
49931478
29117863
10570444
60763260
24190613
34545086
24799514
71598717
66885305
58225315
66102757
97419703
71224472
62537467
45913980
24814420
29937893
61440500
67916624
90646509
45142846
21132534
66194260
13753281
97465954
63965693
74370705
62103424
52635803
29865961
49493404
38740138
15449431
93981980
18516018
51668200
82097280
36000229
37805431
31077609
67778789
19134687
69622199
79189461
20606118
56518163
81492448
44846398
90964799
24526139
26150176
36674484
86082228
44615457
94310300
88213111
50849883
23043366
15113930
17735751
82975169
39527135
71802603
88893272
68182842
37635418
82556968
99787234
59854729
92023166
36379848
24650452
20942503
27091088
11878028
29251496
35044404
45383378
17180968
61359442
22948983
52589638
44146654
37248466
88671124
53095952
65888567
25957097
99307209
78130425
46863073
34895080
92135140
83429648
78737696
95669283
75643845
64868971
78449010
23203461
59710731
19602315
69326660
22464957
46808157
84910666
56382870
64383961
24369501
19642879
89905509
43745298
86938581
26578105
82132507
33080391
11545540
26879719
46566778
64805926
88564442
12872299
40089701
51962937
32775582
22676878
64900688
77189868
36025394
48838564
59709526
47121340
86681775
20348349
78277609
85968766
77724842
60052229
92116899
24404809
96566744
30382137
85109506
59553998
47254598
30226580
96326786
97170912
84908416
59359600
36973030
63002795
51131131
31556418
89747698
60254383
17510794
68633249
41841570
90681492
60706642
51608024
21177869
51223818
88604442
22222075
81105370
69236433
88370643
85823161
38603495
99489963
52650649
49758779
66019986
30329497
80222145
37135226
14374410
21948629
49600911
85554684
80697939
69055911
89440005
45791173
61446886
83184231
65735260
56630260
84533264
89863441
83826040
58064459
67258262
52270280
29351762
29147585
37710889
63856860
59778222
89608360
12891714
40092083
43019015
32460999
61247654
66415329
42494053
25636410
78547225
67819869
42315316
34306306
21934000
37145189
12702310
58742393
21067972
55379598
76775735
91698801
53307499
86072332
96118121
34431520
15819609
64246261
43463659
23412779
65926630
81822673
50105605
41575163
76004188
58029073
82663266
92200007
60632813
64995861
38004612
45102292
72333052
54035762
85468704
30470601
46617478
88641365
79943701
84508062
71583915
42715073
89093002
27499443
69638365
60391668
11292068
39164797
82886180
52767400
76092507
33947531
55423733
80434453
89806982
45927594
95160723
98687102
40594983
56442045
19984387
75484878
28487986
46282900
85839185
57813468
68714069
17828111
14496680
93651573
54281072
32018469
24310144
47374118
20931330
41328240
27324443
51705166
85661881
87550910
32174463
82409276
16153260
94100393
72000787
28228722
85861297
95005515
90401089
66009603
86953364
46473707
26973639
59030935
32252019
48582863
48093595
98350988
17080889
39210805
89708025
22125751
92779317
88868828
44104586
57688904
53701590
69439549
78889906
25013324
28815238
33642071
74539766
19659979
96580767
12714280
55882633
42414481
27430798
17215159
49788914
66203018
11353091
76187342
23012059
46029766
87545670
65050232
71620125
52573929
47932026
74731409
42495596
91182190
71964253
82152110
99158397
68150773
83027624
72414431
59895429
61915995
82098092
37741093
58685126
37760962
50136261
33856640
85679445
40068137
40214127
61180438
55666422
40148774
51499762
33517565
71139523
37926713
88187557
81189804
28415091
66883137
81920613
47169967
53620141
98756000
47851497
76049970
60767350
55123348
43046238
96590285
26535487
66924370
54414439
28157894
89868782
38769313
45652757
15156451
27189867
54194770
60409114
37093282
32007185
50656091
77288749
31931736
92593322
52876621
21485545
22693182
75367820
33648205
25854996
31503664
46285409
85807209
46359493
38273978
48974448
28130325
75001592
32262545
79781604
90061806
60436932
84969178
13387112
62443218
58481548
24716941
98842970
98049035
22312637
75454453
60484910
93720870
63713220
64675155
94066402
34454626
80472592
28601762
20216345
36262724
68539071
66162038
55559639
81704520
10350952
61696254
77570136
78507697
38105604
66754088
86903309
99015425
30075641
50900451
15598900
92906885
35288516
57736210
13293448
59441859
98154930
82702032
24471976
63248541
58390068
10607984
35169989
31778383
16146058
19595370
16023829
17752659
27542751
57389031
33102548
23836654
95800461
16480921
27652761
73523351
75946044
97858741
36994884
53559807
37199521
56396430
29596180
55797826
67484136
41441871
84196181
45949736
58308397
34644181
99058486
42634531
88901031
46588472
19258905
19784023
18040979
24304963
17600134
68260495
17714278
72178771
89317454
53594188
10550215
28134223
38864229
37606895
74375344
50366458
53605579
22623736
99042826
19596674
49549879
53669609
89961829
61366966
77357151
77602633
21743441
95490005
84050535
48431044
23070427
27466625
57839331
56009840
15552295
34601171
59704874
66356263
79507976
15615994
56718239
90782581
79316696
52281507
78374119
61428691
28579943
62939217
25522763
61085244
52559189
98688728
37486631
10148006
90051440
77037405
13895530
60359639
43485577
84224063
89228603
97847521
90330724
84686497
39935670
58704060
65910601
52006422
57338068
35215742
70958135
61611111
63453417
66568249
90401848
77805187
77422022
32214385
24552272
74364932
21319038
95817400
93091215
68078682
47468742
19445224
64984006
28709142
88276342
54090621
33193430
32873557
63053996
20173837
74100515
12800327
72237072
57218148
27538600
68926555
50508465
19605824
34033829
54699273
78304398
25870886
33458419
58941499
83081009
63593567
18032247
95155289
44837238
31497106
56605365
60766703
74900202
59506943
61689980
45429118
50378703
92400341
93483071
55594460
49648955
35864136
75171167
37808181
26821646
38332773
53942720
42441748
42495955
94124531
76989647
12699276
81699070
68731853
32910448
79440579
48642839
89282654
22467021
18931127
31171006
25462486
11342984
75752665
20470133
23289930
81640712
23622412
87765540
76073418
75448473
39154698
91162945
26089141
98091364
85061397
25602003
57914443
36747706
76029769
21427208
45816320
44494781
42832504
82053013
92338999
38615236
76473264
77415124
51587751
53275730
61824633
61755929
27288744
23874041
56138863
79885177
20133133
72850243
48161079
18992186
61793965
68414835
28457629
26934761
35019791
98930531
28100428
62707083
43000497
62233484
25816617
42580587
72899189
40448292
47497292
39765673
90693474
48599195
40399701
25763378
88039261
49096709
21803272
91805396
70598290
83229784
62779857
54950943
60308356
11098688
30463127
59660282
22167166
51200093
79335960
52990277
38111988
79861503
24188954
57446062
64610056
75485569
16947769
58224552
91649215
28262623
17400717
67307476
16619701
71189458
26314784
23258877
59455669
12100840
98445182
41578761
69449924
12103253
47146355
76055155
38964626
38345893
45237745
49768336
25572245
85566661
43335225
10018924
34953793
97722427
67008162
50494419
71580774
37563126
99167211
93795493
22614335
47721686
89949183
93036048
55363407
11862310
50024150
93134686
44149627
45974682
87351490
12996295
50033803
26369340
35229109
47971202
76571816
45477897
49075724
42491993
58380531
22340639
75323760
96765797
31636658
91704964
52021074
91706405
73251347
94541395
84275831
46391289
81429190
93177793
49444816
72317305
35697037
61446099
40645895
77330462
59384351
56512629
49220597
77102893
53679340
18965475
10604517
66166580
98650967
72048679
14918315
35332002
68751680
43070531
52636870
66958824
43394087
79149131
49782490
24762051
31657245
10120522
66578665
26724238
25404125
43661400
24412236
84391364
42939496
91732047
86561660
68054407
94589410
49355544
13973884
32193085
13768330
46625183
64736103
70654165
37363028
22434405
84301970
31486503
43146277
90681395
67283165
86828842
47938924
90807835
63506207
57808342
86425852
65152283
96222778
91314934
75384557
28970016
62794904
54527144
31262556
63581730
80539896
96907101
23127244
14021578
40569882
81950741
85261801
50136756
74944944
13960070
60743972
86620137
10870213
80489532
43717355
36517899
38881804
88601351
30462794
64951250
85457105
49322755
52332463
40105889
34930961
97299778
73268934
63729732
27487781
57481496
92656259
20003144
49964952
57805826
43447486
88278007
95728026
83364019
85579127
78179695
96618382
45663421
89001950
53519678
52698969
36892192
51719901
27758638
64796371
28835562
21392997
85097742
52706324
61002064
55253362
59853896
71648589
30871512
32038330
51964606
55522271
36400874
37903486
67075616
32426165
38886886
60323684
14485813
99108965
17208347
35956737
75204882
76359259
38405344
11357221
39890812
67253811
58559703
58141233
44642338
80549348
20235381
29321923
24285186
42892413
48818968
34848425
86626172
68784530
14845595
52580110
48672980
58061722
44302764
36707308
25813206
84606058
56174395
90819342
42296724
16970826
19410574
35582017
83014475
92310065
76348657
67110679
52510308
81696803
62002443
78964311
97739414
87398691
17128909
69329028
65105832
50204501
44100355
36535432
77230676
79003317
95042700
96208253
65551816
77264750
74949927
65719577
22280262
80689368
27136611
79157043
56664554
66843409
18191545
34158710
93645324
46012854
48211489
68975675
19738175
57583694
43000312
39669994
66569589
26949463
12960715
95712935
70138512
16177806
68626464
26945158
23974513
31119826
13813247
27848604
46044536
53140850
34546267
96141607
97151619
83792161
88648216
20276427
21984132
81671045
46330231
65936574
93236078
54551608
70074342
22496540
80849700
75868744
69692994
30640302
19982425
56132107
88336739
18919489
16888765
35019060
85611929
23610928
76430344
72334007
86239565
60790547
16946790
57511839
14312639
20503096
43190961
86086682
41726775
23688567
36817458
85133007
10675017
92058446
14396816
97175291
64988738
50071970
83970582
76564152
11854271
39825275
29713940
93773000
18181380
96581890
30422507
48681995
39622138
23214721
92726924
35763182
93642192
21747809
70962284
21079537
50521404
66080958
12798995
71488338
69081951
41221284
16991956
74970587
65784007
59078377
36344727
87585477
39110414
53419175
97889362
49328072
68336543
79750867
48552598
41774144
14779417
81396607
96029894
81441021
43832140
39385256
37909730
96200231
42791776
96968637
86308609
48426956
73779732
79374509
35495005
59095944
10327076
41913131
25979528
74502213
41822209
45122109
60488539
44612426
96592398
75157585
35225261
93153896
49524318
81311177
59678529
84111638
41056868
13446405
74604626
81465358
51218646
51185689
65403206
89146609
79960741
81672508
24941112
70629639
92067352
28531929
48740000
50567716
13662852
39427523
92208801
25101350
28468266
34306566
31797103
61342746
19698520
61169627
82250494
29461294
76818095
82116733
87343649
62641772
33851901
36344999
46299551
94615988
82271229
75371689
64935535
55220704
30894375
32727417
49642258
21449738
54174542
23249155
20956164
96036168
14969027
50320974
48744309
69238967
59042978
99129303
43756586
73470792
35558724
41252952
99002828
37471018
41101917
24030520
44053567
50224755
88673273
21225495
24307257
98339330
43694506
50455663
53311153
46446733
99046093
99797937
83361013
59871558
67865572
70245758
30870619
66396586
94111778
56827006
32235622
47997958
67051489
96309644
70407142
50229919
32576112
34597414
16005755
57617902
97383631
31064259
43496103
92667368
44532945
44233130
88961544
77072538
71872248
77950963
37260512
92794855
31555463
99936030
47410365
78516205
45389254
51166785
82912073
48207238
80182098
89424089
96370992
59025770
56321310
33106112
20412329
67357810
95585802
25520447
89471012
82713463
53878430
17767483
38492302
50894681
45617635
43239180
50595396
81473948
57037790
45462635
84854161
16381996
60281514
49621129
98152549
14657345
33834417
89264572
33090325
42919517
63323910
61851732
68446921
71582707
67767906
29814028
76969863
88452898
27933882
77169053
13731801
35107742
37138553
55503724
12686492
22088752
93456351
11293155
38387432
90693203
36781814
49969628
85763991
62934271
14559532
72505146
75421044
55144836
64580882
61377682
39384066
90214668
45552391
93481702
91143235
85241090
24343988
39121138
40638482
75349907
29007809
72935886
48728838
14508085
17201560
21648069
70697168
89002842
94082098
67343785
63760275
88024843
98026724
80892486
99043106
58549940
80317597
84472410
75876359
99411075
38364918
53593954
55327348
45007929
47145855
93204433
86165214
51401383
63582002
99092792
11314259
87912997
53135493
20926588
74877469
12352489
66920190
28769084
95871733
36067721
10574778
13888237
60130786
34124576
85821820
82338708
99914983
90308231
29923037
90612109
35962033
90708385
79633528
30344779
35896612
53370660
63004736
24580676
55929109
47827827
55773129
55950761
41115294
74293111
33144630
36355836
86032030
84290891
85388500
83032999
39223213
53615663
84865830
98570425
56487738
15701526
98335629
30736974
11660612
55620954
39505044
65998222
54836913
80970256
65032918
30662092
56900942
67935989
27167244
73525582
50513892
32676103
57219127
89033772
76840051
39806000
24041446
98537553
40541710
36314269
81607333
30271826
13734318
40520322
12898991
99188356
80546054
58854589
90887349
72037702
71999297
84244363
38549250
59387254
14004677
19619591
54380324
15119652
77330609
66472630
37942312
77733677
97534707
36542773
56002688
20229753
19408246
31340033
99127423
93636941
63430392
47551843
14176000
87939789
49563001
49581686
22365863
77455250
38263631
77984598
81243327
48432484
69093079
56874983
64153155
43016340
40150470
55648831
74417272
28574585
64453405
77844663
25711675
19335159
38593865
32236930
30024076
29983227
78485611
69280623
52909791
28182210
41031280
82388849
43478742
54849910
39003270
89051896
99536758
92905614
10308112
41461871
65277790
71342364
58569139
90742687
92336149
46583602
12457581
69906977
22735740
47571058
93709919
42762878
14455394
71396145
47418539
74245989
84866742
12644167
54878968
65236871
50998231
13801206
34869010
93409811
91536776
65351285
93505327
22874953
41696767
86944280
74522700
91516221
14117020
51131549
97211574
76733227
96276791
47759765
56617509
41958385
35721234
41352963
82752941
81098990
94326168
48378570
82764147
84019385
86736603
58114955
65564331
52052068
47955124
12512522
28280710
96034003
17302632
60114439
47080603
12991726
52460840
56900888
19070882
47242837
92793311
48770507
84401584
26477978
98450118
22599740
80786724
74841493
40358535
40751014
41305441
65303774
39636042
80243459
40305112
31536040
10005639
89103726
85824266
86861231
88029692
38129566
41666300
12396354
57034865
65578624
93309639
89629170
35474582
78326768
29003851
66517461
10771720
65585045
89835652
52747767
83032690
62223318
31138676
57148383
24846160
64610813
48384192
99692601
44740815
83455590
86442839
76964261
18181585
80348643
33995725
86292891
75723788
58863664
38890694
24762616
80886354
58825358
90393101
77564330
49931499
35012990
52113348
52593269
82342942
95892763
19210678
17007327
95878223
87901076
41754568
83697214
90178754
94635333
59675791
20285020
13860989
73161202
84975995
89902916
39317580
13859615
22602544
77213228
84433758
35570703
68626677
72866814
19266701
83180631
57607365
83924997
75546811
62420381
72810371
27433392
18850903
10428402
67849931
13528198
90412799
92722250
55985252
72526887
19618368
91445524
59440635
11302137
36103162
19617799
22105081
85642845
11061431
93708600
89193494
31656854
26649999
59195085
65116872
29805319
11981808
79248949
72856234
56826019
79341005
25484925
61293593
56429255
58279329
84793384
84313674
36429322
29670798
86860206
85280381
69259659
12894154
98351461
13457875
16787647
60799418
58346727
53100093
72712425
92383757
98915288
28833797
54399891
50209609
27194915
15181805
83674139
14861552
74623069
43403364
42468964
25736654
85181125
62898148
55045166
87443298
11807853
61055723
68657792
92883943
48513778
55372179
54589506
68843645
85188710
16577744
81080423
38245113
71817935
28533958
20193735
57268294
12174153
96775109
54043786
73834102
19492166
20769634
64063424
17902825
26095734
54105139
26790030
59015320
34037697
16887846
61079044
47940991
65533681
69931902
54374281
28401701
80011373
93269484
16662903
88708169
22958496
41577286
78410564
59077546
82328313
32117222
84296149
80653171
78274443
73852706
75521271
52695874
84651220
47075043
64263272
85091028
77395738
38679012
94206607
50008911
54153585
39411849
87115596
63575722
16242394
59623129
87425514
14406717
96365574
98817050
95576241
18394721
10007480
36439304
63089048
28990275
74902984
60868529
65067800
44144202
16482755
34764656
82747420
29734562
88907952
64600963
17361941
38441317
59392365
74943436
75558953
37431782
87107000
45023777
87624715
75702169
54382795
10137552
49116518
52625570
36484894
19952690
35921778
93489272
33184848
61735786
55091498
76371254
14765856
23813691
61919892
14151422
71154197
41920771
43778623
74146058
60429758
23641944
26921675
19786321
31576980
44778046
46932898
74080338
25986939
51979778
13181253
74482047
10359015
20397621
89023297
99215305
12273052
72775496
93760448
27473476
48340365
66516033
18808251
32628215
49422438
49013528
35559501
36704067
76864805
83754416
57761645
99783395
18783221
68333200
49833546
25940401
71890574
66771389
69932422
64287773
20014783
63448189
99697297
11001812
47133791
30077503
76034470
21220961
27881968
68407965
61479928
93500180
65227744
39403793
10500988
90285310
14135003
42974919
68824782
82271640
26571595
93586061
28682561
83217411
36821734
13377542
77814673
94949951
75071863
86250115
15951214
90214073
34666369
66736565
89284511
59083173
48880468
71940798
82579853
59524041
28527623
19805340
58141807
26161079
80035019
14438298
41927941
74779729
46376976
38581030
80729407
66108023
62631809
84413014
31630648
25903457
49618842
70270442
25852953
39611793
51208993
86677499
92928174
19054517
48909904
57281751
65600966
42251670
40307177
42922056
79167388
54360113
16758119
85982348
68757122
13520178
14814360
48941311
97647622
18493122
35616450
94078552
78192148
42377404
28428030
52500484
38177503
67419562
94566254
31818568
63539279
84373603
64572599
76985782
62578054
65814222
29154844
17590714
29398286
73289413
78729400
42691284
58790945
62145174
38450007
35134227
40839075
26743666
15153041
62663648
26920361
30239046
46533244
32201422
99253789
52107280
25151312
19175358
27283634
66755943
25919268
24669589
89200248
52234037
70925801
60757569
95403934
16920147
25988478
35535851
73105496
57342145
97159779
58130360
37390811
79749119
63252485
44911162
39426309
55305482
22090423
23195897
24683674
66979446
65487170
19965978
67095850
26176293
82866707
20899370
69627534
86334355
95247754
83199377
72583452
90033684
96245494
75219883
86925953
31066470
39890099
35414503
66810678
45265418
37178069
44548967
53610353
62952318
14896682
90340734
78687540
41182391
43367367
88944998
15680557
83969709
65678725
71598607
72132112
27456535
88413474
57075760
69313048
72454114
41114450
96013117
31357434
85323992
94415672
19077110
34347420
17885720
61525133
61160941
48237339
71542722
52996816
60609816
91993648
63391171
29194196
16372412
61353902
54910890
15450818
27708857
76456276
33121829
29045771
34153592
63379409
21424936
76973112
65310545
63331807
37413614
12305822
66555657
33039630
65983665
60238682
67541902
52185654
11162289
58754654
21826950
10615167
19286326
62390081
65089163
59614547
94978509
45273495
40172502
90489972
61096378
42041528
45377352
10078785
34686207
50559005
73038327
35939852
67140700
30129923
91250311
98894968
54105251
57413653
69484317
36220575
53560300
69157736
10511289
16929502
32040465
93792721
23212815
54150074
34999635
75406432
67767414
29545069
16522523
45438462
66492666
37990161
46983130
46999839
84139532
62698088
29141905
73219747
63597529
29157189
35846637
82711247
29012023
37942811
73224074
13301858
71911484
13953697
26558680
98054871
71355113
45390494
82854043
29446455
10519940
81305558
89744012
45848984
28292227
84653969
52149405
35578549
71305508
32844740
51238490
89273131
81126938
35887583
81352427
28326734
14110689
61357362
27355958
24712742
75672498
67117565
56172321
99296265
85362707
15515410
80689909
11026390
32872198
42764841
64979550
41158731
89988705
82993472
69999631
57590276
21119805
68159021
68659586
48797841
53991304
10997185
71841629
61061682
63320886
55013019
16318576
84091313
59051028
82636038
18228187
17807325
98400317
32980112
78721741
35989790
30288549
93576744
34737894
37422138
80098003
52514546
94650302
96702243
91501227
58238507
24782335
98602106
44980201
78912564
77370413
60632996
55845546
55494717
37071495
55686663
13261476
45314703
94639365
36123106
77663350
43435765
34683264
58400327
92178842
71413192
77896305
59227829
11344759
88346774
70923985
70561878
70061332
95284207
83384864
85382097
25260902
20056395
94365442
14061133
39471690
86911003
60325891
95989252
62885262
71144298
37210619
43436287
95383593
65019440
59030797
12358411
64229684
69011145
43168696
88939791
82176922
39463793
88271458
79086990
32248336
97812825
14770046
76820877
96286097
56689384
36483947
19059862
67536853
41079867
81518162
56981796
12052053
17800552
85868739
45732663
21516158
27023071
64221165
90705800
76659698
71000045
63419735
77344501
75518042
75972229
48321632
56561402
98170041
81576940
71361227
70928674
70927111
26692867
30345167
99655417
36298115
96805883
86129357
59473884
50718523
22859992
11265087
11183019
69389484
30428246
80846118
66064901
83119816
48835080
86736905
36150237
86788461
86842328
37754753
81409103
69361884
79708185
19430989
31765653
17178489
67405776
47122756
81058331
63260471
80043310
63197796
32092915
94038750
98070207
67691732
95424748
22486449
76485996
19545640
31112324
89222013
46670693
99438503
85749699
73717685
81814946
17636817
12258021
90399105
98810146
46336563
17838343
19382580
52206479
64933968
58349191
55570954
35226611
17482858
25243911
62235520
82071562
95611887
88150033
43318864
32772018
60245251
10883028
17192840
77892991
67454502
84095942
48239083
54240258
66827649
73670698
13553108
75826776
89132188
70954228
30703714
88513792
60708700
82504578
37811435
46881580
40179957
37455407
11620173
47054606
33450933
57416357
41169674
88478307
95052569
11585684
68198235
22313871
65341019
62081685
11721430
64896347
64537551
96122151
82488756
31693817
28835242
49312987
14312193
14238995
65729223
78157313
95687621
94446880
83306495
85138308
41087327
22767340
72188777
39301480
76715721
56829165
16255306
20517454
52371517
42630756
59713498
60340778
31563129
88215616
65596032
19112698
50096512
45070872
87971759
29943827
23564679
43911381
82948316
65346070
13839491
34192621
81359003
17404290
76569164
57200202
44178645
85390691
53210734
52669385
30029608
65498537
48132749
96596829
15834715
89333011
39212914
17832276
92185085
94330826
22533430
48170802
96557209
93689737
13582649
53435927
47592443
45731360
98586634
73250354
22290078
33613369
51913189
16371217
81809635
38398284
71287053
82841989
36379095
38582608
15184711
82475742
37374714
39356838
97502848
65701226
22027438
75201574
77643918
46808971
53324620
92854085
21095823
18592756
94029137
75945312
67406958
75562112
75039542
79043495
76536367
50116136
97947610
96953789
94723111
40905207
68143373
35970656
70198434
68556024
73533771
85603487
37356128
41353033
34950137
68772938
40293475
80535886
29418103
40157978
58121780
82897370
47924859
13845989
82895507
58468470
78175130
62327677
83825224
72745810
56715365
45864231
14576664
54507206
50022704
67815219
41197523
23215982
79084605
77320330
75411290
29263928
40266238
20553055
14868648
26769260
18359631
21646580
10466910
85383922
82066876
97592709
94795689
20513178
85917249
42503826
41690306
99724321
25032484
74014388
38917075
95734382
45154193
91294852
50499914
30723975
41321122
10107348
34650733
44766162
83317740
26949747
75273361
24890234
72012025
24644733
18818382
79535945
58052580
61118982
18230597
90779110
24390160
79909211
74199188
98472758
49609576
97062663
22926464
65322720
13436656
50941785
99436814
97596505
14101133
64413901
62299507
94127754
87725155
81347782
11954879
41857312
85919583
31399786
24355126
66645231
99301712
64648346
55045183
40551172
73533197
52871286
89922374
81060993
70572296
93319644
77342535
54447699
55584956
13853998
17732909
49760354
90607163
96898515
49237943
55385436
84630168
39889006
50693230
76171583
78367643
87967380
73597035
62619489
70426014
61622295
12430655
80613130
71831944
20040705
62437634
92138555
21709667
99610269
67174011
16115218
79971867
71211055
14063081
77802053
22495189
11028291
78195052
19328844
33841897
45467042
37302419
27333019
78123006
18461666
93460483
83462209
34034709
89386816
85139650
73861153
29495323
11401805
69935339
78496688
97793592
40750749
37567421
60991163
19661925
13059304
49140431
10319119
67062691
53199207
29737411
17935314
36323665
25755702
66200385
71584096
57163695
76716562
32872657
76748271
15895819
64926470
25124372
80273333
34236520
47985240
61396280
31261118
14069783
61718672
79254810
91235997
37287759
42718044
65511225
22506399
40313924
93078530
48288302
15252944
27295110
20044081
50520852
55343127
24836343
47333363
46942356
25778940
17776487
11593536
49286539
65909130
73274062
45563052
38696411
79351248
53281445
38954047
83285451
86456193
77677665
37673189
18146972
87079355
53897485
90506236
76492713
51940837
53321474
55544459
97227321
51896753
61989830
80688659
10312037
62095041
18351999
81305341
96889445
22432530
21595442
50845288
47656579
75729117
74011722
13550472
97348368
13019533
80032732
35081223
44941754
42466844
45835636
82011441
13169576
98079210
46204450
89276607
26119897
32325367
25737775
53428773
88812457
17482427
49239147
27759609
63495282
66674722
98445474
40621179
22282575
10069031
72685869
41450949
64329468
66432396
12222884
29730448
95798873
88714419
93784241
86101152
89846029
89431325
75762816
76739277
52693831
32115836
89408210
45484208
17854112
36845302
96798001
19872358
37352861
52565369
97131966
70386692
15750480
25430325
23769894
64469143
21873437
40505019
43047731
57147222
85002394
42110896
43150206
74189927
65792656
16902445
84823106
84701386
88202143
99340343
42935757
80588926
24782934
78858768
54186414
49373663
15752276
13737173
61632368
25800688
94578067
13737743
53197498
91846526
44249227
42952781
74575081
44732340
92573024
24297417
51357519
39613314
57178268
73094557
76052864
45519897
95690126
63301653
89180985
10596498
84313790
58392607
67789806
60226478
61425547
23851871
84391279
66837048
27763812
26114271
98332342
22981383
59774623
62736100
19934415
24570272
90696569
68827612
41405028
24961272
55420203
30196083
49777764
97059798
20516773
95464516
18570320
40969303
77369449
27837740
81307426
60966539
26480519
68017339
94996826
41883453
63562801
48490820
47035686
95483089
46559098
91382676
37650349
64613061
57913007
54868287
88532856
88871642
80934098
99644053
12870013
33644876
98528303
47396276
69389514
45873950
17244343
91122634
43783471
34641876
68978700
26205111
40028079
77657573
43102180
78879901
56543631
59245786
35041987
33131783
17240396
61281642
55299639
10707912
13422863
87258457
90744101
92522599
14791631
13044970
75273279
81967528
53003284
94586754
29776401
65335219
57859926
72328411
86878523
57852260
94718852
44192865
79721273
57185198
31106720
63595949
63278430
51335468
23935367
37910555
97618272
76581062
18914767
34047370
80754060
28378748
76967753
71422767
89830426
54110546
79730725
66959510
57750683
25003736
56684853
26051895
25006735
14430165
73345994
35984817
27314707
24066618
58776997
11535031
14552890
56730930
42975726
52159995
43449354
86049800
39997726
35594135
22703228
98003755
11074520
14840893
36705366
71454278
74592161
18242668
41283199
74658345
14668911
31621890
19809810
99592033
19408943
91503843
10297914
21607155
15561347
60603970
92972471
99235381
84925450
74323343
30785149
96146120
55347799
38182013
56776315
92346933
83639299
28712751
25096697
87296291
76657501
79205246
57285658
79829170
38298432
88347369
69411841
49492856
92006398
40313370
57539344
19185942
37825144
27541521
35046860
47338319
31204719
81521116
17540003
28016821
88398689
76468016
55780420
67275741
12362151
23359295
66210614
35062673
74535616
67782248
33624929
82001972
79543546
24856967
15464825
95443582
34155855
73266646
64838924
35800339
41010067
89558120
16616941
42975379
16045347
73509645
68242236
65061259
32155908
69674813
27170021
27283522
82561273
54288708
84086637
70147641
68091807
35745357
68497408
19646575
46088678
55867304
42325075
33777754
96660313
70928209
56610141
32744589
14774109
84351970
76695806
48398317
99157649
50259486
37554658
95045772
32521101
22438666
93311285
99528427
73165222
46096845
16222806
25297212
16496721
84265282
99198286
43332100
21383866
30835234
60648241
71632500
34736718
24279709
31314236
26655692
89205436
19662687
96439952
77981494
58455931
63200182
41237943
57167081
54306916
62399023
74803272
20880006
83160287
68101807
82920942
51836019
59744207
45669519
24571719
86721051
41898849
75409016
53802974
21673690
36856529
38642419
85820299
51862426
38985127
79076036
47120749
34448333
31219177
22036885
19880154
87037905
33992862
15306971
91761529
22014491
62495661
88053652
68347116
30477823
28404451
97246880
60302890
62117406
85485075
78415929
14158954
46900460
93750615
34901905
84614587
47166556
17424501
42313351
89262379
77990110
48062085
49897145
39331142
15518928
72686968
42389209
67511194
23465965
25444420
62166006
45869823
73572677
11236098
68924893
31415732
81317653
52690765
52199662
43367172
89296796
60336639
39326504
15707924
28116449
11590102
27920605
60081472
42632104
80960884
27244178
77336372
14356278
26653711
85835796
97740551
95721872
29504129
88975696
97070249
88929355
17685166
74103436
44928623
76617863
58666592
53927905
29164936
56504540
90571336
37339716
13430267
76331646
69167922
55894287
58625110
56628334
56298934
73167836
49729281
33462882
12627262
50641856
56589618
51543886
12564321
16159658
13952927
66897640
70322356
50895267
48318542
61339302
77818432
65658006
68030569
44194401
28950978
29855566
67590795
71647156
48319728
42189050
41870677
71062184
31514715
64762217
33467934
38130305
41017325
57940580
19567303
14683300
60202514
50544040
41093164
84785955
78403188
57022462
77885622
60849767
82374494
80713209
18243213
99685369
77183682
20753996
69374827
38765165
42919254
29174213
18432396
98643179
86340312
56835306
49210433
19070683
66551332
41711148
33021882
94114640
92239462
57088450
94147152
45431889
55683908
37657082
96748074
25995664
57432216
81027547
89338349
34420355
96245900
68993626
52490865
33517332
61155177
75196489
43105255
32259478
48245517
80054494
16461666
25954555
71175772
51350849
55493266
40947853
78013664
77882661
62569049
35393732
69542346
92958495
34061182
41008576
81702598
42080490
50835699
94195659
43066870
85607941
58226966
22203966
53988658
62321155
91666792
28831787
34931995
96192788
82851284
94807937
77203216
12309366
36592135
40139359
99218027
44123497
65545884
77733265
93516309
22449684
74603365
62952818
16379681
69850370
21516643
28747772
77431702
16571325
98681681
37087342
30614474
43721093
42334939
14182040
66796777
11794733
67774572
49078982
78643733
23408531
46056229
44738887
63203495
62522938
22448489
65956761
33819540
45424006
71644949
84122930
40204396
29601299
77812685
23593837
12314235
97475633
51676785
70468880
57969682
15648384
95277686
33948896
23226533
79270835
37326429
35430009
76336633
17871310
44434681
33687400
88174274
72587813
49292866
97403970
20614692
47542716
24617696
39973949
24634296
22345742
31499498
26168960
33079151
64168018
93607904
32658095
94541557
79500483
67888081
26353641
89859650
24518507
82255451
61290113
86508615
98611714
55200146
30683895
70112619
70781670
51884401
11190286
19754946
29094561
98041534
76634110
42541171
54375650
76748758
25798679
40494944
18789679
58388737
87566381
12171848
59218147
98316000
94082464
12913292
42138309
28075779
87753990
82381327
42572101
31101079
85329144
80945974
38929877
74667964
43782518
74777615
96714869
42635000
85557645
37112173
92284985
77782034
14782193
44275018
83817510
27737026
22200005
87436405
82989141
12842201
58048003
89643660
24093896
53668228
48376402
55287534
19552000
92977783
72228976
13129069
24441516
27151157
24663474
46021243
26675325
10199177
30203950
58412178
18484436
63659527
25797817
27612313
90560556
42818814
66511305
79403376
79589678
20479010
39865296
33922816
41219753
58820901
77811244
18516886
78254841
82971745
73624677
50841927
81998258
40902167
37571165
59489196
32031753
32997423
50643667
25829442
43175805
75153953
44420237
52545305
67681048
42766720
42633023
54661298
60484089
14444239
36063195
26780755
54077829
59219024
91324500
65428134
20785614
10377418
14680804
60160305
64399926
49879980
73131257
39532436
56406382
63175379
94473653
76343006
30877944
63011215
35648140
99211561
59603513
72295318
83725599
58690844
10869954
10801110
38680153
51563652
50150552
82377171
58041619
97344746
42157570
60951986
55518654
78324853
89032724
68165879
83304052
28117623
40544473
53447785
63742778
69317795
42907164
45093650
62510557
57255251
82554723
33657797
88310442
89290665
69045492
86910051
33693638
46550823
85296232
20387602
31737045
34731902
16736495
81565477
68287025
61909747
81036773
17125325
33134946
67994343
53578647
17591229
34896683
34150914
91666342
65685724
84480764
46083461
33350566
94229527
56355591
81776541
50743712
54619092
93464156
13368975
82885366
90340326
30358369
39516057
98148914
10042416
15232372
76798738
21421723
18123871
79125335
11508495
43937448
95581658
43359672
84647720
45569439
60391768
88589275
94602837
82716623
70291211
77298918
41174129
85986042
31989065
35038049
72399344
23370348
68522568
36287597
19851136
29005862
86120717
87875290
33480559
38264608
85603832
13714787
75729366
58240290
39318818
11828218
28215693
15908144
53161728
66799512
70919704
32588774
13557957
20796751
36811579
20592297
89361801
59458891
25798867
97222153
44546869
63947230
12701459
46643804
58844440
87334185
19193961
27335030
47871203
70218111
77792774
26903423
79597641
86474717
58151952
11254014
62116651
13657986
39498536
71883758
77683604
84910454
86247348
58592939
77580487
89305603
49499210
35903555
82502551
51746112
86247028
53197333
87709890
47547607
42901937
88815518
30985679
12212801
65666600
57161284
16814864
47528611
10285690
57848383
95192007
45072197
54495408
68951588
45255525
68003499
61582419
70276879
22540242
34775451
39206125
27625208
57015176
48763839
28227428
61964497
67782248
98164459
58249439
18950080
25362545
22847312
13306425
94657508
87665475
38086485
82669573
54158522
18226037
24685675
79203576
35436730
97732245
35505150
76808948
56278304
26545341
42835847
43743025
23316296
26793294
55143614
79398538
48835378
12057676
54878050
26389414
35420374
30916192
94170417
46096960
57676409
58308527
59028045
66462543
59153888
82490651
20878174
78499984
70866519
29672104
97005017
34070997
19817861
37091263
57141325
34348998
47044999
15305287
27618623
11010402
26470390
27348698
91247459
81161816
42630129
87956408
75826269
12968086
24622206
22488888
64519255
27815343
25027634
56870188
73084473
37624205
71442915
52645896
91208129
10735619
81726792
44614104
24083323
66443852
42323879
96211567
80955029
94940152
69438281
33443108
82416736
27900291
77281605
54451884
39961681
93605074
95079867
50097657
46281161
52513784
75293304
70175399
84075094
27332384
11825812
90791850
75570288
24648239
52652093
80021034
66130419
83149107
16749756
92086071
45795064
27336480
59500741
47615950
48056889
50480777
98855043
84175449
54195700
59291026
84986407
84452615
98204374
79432412
84003354
39765035
17435350
80956724
91486432
62686841
33943134
29368160
74086810
92204382
22837795
87251467
76660645
19503865
42156053
20473674
67611744
79914553
69565682
86827338
23469068
91044884
60097270
16749465
91733836
89410656
25978669
13326989
26824779
40929490
99749736
96682452
49752188
43586322
24063054
49116314
59680637
49175159
63861258
23044945
65264149
47135716
98866978
86350752
32135900
52653758
40961128
34396778
83332858
24069641
75739785
36432377
20593031
57293342
83032002
83678279
62324498
88391179
71094067
95406057
97267389
17482887
90132300
88708504
19628933
71172880
79236451
69625438
96789024
72934819
88978536
30774655
68592023
64754608
72242991
85874675
65219607
22629741
95259151
68638188
21981498
75568063
32168031
48175580
18967489
25217123
53363976
18737593
95742572
58923401
88713818
94063010
63591161
37627076
32962588
74657305
98613946
38954779
21205812
79396719
45318098
81265903
24638909
27806604
98926416
51223918
27512206
31006935
77911402
39449134
83546266
25727458
21504793
33778226
88519981
20572880
23819804
28508111
72726951
29478296
81768885
72177940
25970972
37229052
94221462
46426708
18124059
69520548
77344504
62228561
15915660
81647703
81011915
18542214
33592627
97637845
57554824
64159761
99952209
59354195
13791138
38240699
44879081
97307795
65250714
57438757
49373600
78586912
52871730
67693970
11373117
81319459
24453561
50240715
29403857
27899109
59053957
46759347
11983088
93090146
59892863
59970151
13536797
66624134
92598872
77435793
98645572
41668359
27772618
13124704
66973278
72767321
27287977
25468477
36840035
49514568
31356525
38340312
44051332
25451623
29418050
34306018
49201569
93362970
40154675
12506979
84221270
34831661
57495803
39378952
71845812
57248556
36021828
11313332
36298280
54494341
66665044
84878390
20725323
45221710
89404383
36260172
91237972
79216877
47116921
99341284
51679141
58005436
52487032
53942992
70829953
91526742
80731896
23520806
90990300
78288385
33063672
25436983
81793739
22068152
23849633
77582250
80937371
77468883
86207143
28430644
15153021
28758741
28438344
47511413
65796830
27598418
14758386
28915698
95900885
17957499
23243777
71185974
49191752
37082406
89901145
33226436
42054720
16835939
10534598
57602947
96275432
98673842
79020360
80551978
43948102
68300230
44104155
50185271
69434768
64314601
79401306
27825949
54178052
75415898
65439769
17168137
94070973
91069091
94425762
16108230
75024315
32355660
96504447
62788803
14562309
70896498
80693234
60239605
85440136
34534421
95896210
51140892
18307383
43105935
53997238
20958667
99324493
61184433
47468941
75667351
13425454
87135483
41555403
16125404
48088043
85964792
51179134
68878759
59746660
38875188
19107455
59138755
65024904
89920859
65623299
99915619
72431288
70675056
65349329
59134569
51265738
77172902
62572174
50434513
88712618
32572510
15632052
15643325
38977178
65183934
67886369
50555421
75924633
27998058
60816460
15071994
97790562
20712802
44356498
43877600
26875787
77934584
47307567
60042982
74134734
80725612
11224648
16105051
71521637
54111014
53936804
30848143
40705678
60465039
83167355
53661499
36970670
50416487
27167374
33029394
55557912
75213431
46849620
56911952
92074748
68011491
45700805
80363084
90918830
61460697
71098728
41743959
18154692
22295413
23347234
83477361
85238675
49315024
35497567
48221103
83432552
84761008
35767516
87332408
47205346
61223773
41367182
13199209
79681514
21043731
66946098
55474200
63691155
49602290
58714486
75214724
57611732
78014897
18334350
17289838
50607447
45891443
26969322
50179051
71008152
59699180
82265940
89909348
35186080
16508196
18323979
57272759
72088899
86882987
92281140
90577975
57937534
61722238
61707983
70456700
56691870
40748689
38358398
43882744
36000426
54816815
51689687
34713699
30161073
19512203
70335159
95622287
14268214
47271145
44544961
54595801
17099448
90507484
86355314
70119740
13100892
54412970
73319010
68099839
94167865
65463243
78950810
92058895
29471808
87356560
63408780
94085863
92752838
27806817
42159923
33956651
59931696
72376095
71211208
82013909
97103290
87032232
82164254
56710116
52193272
64925723
60918142
15295737
40232557
81981907
80586535
52437949
43369763
79851339
76274866
72261885
63698086
28467175
28148999
70360517
58479351
60779031
87641630
59457771
81018116
40006704
70123448
44285802
81597227
43714796
94023104
40721864
76509365
84043584
82493616
49131836
96682956
89826506
29401380
61508585
15774617
43155686
78071417
68911049
48917630
38756832
45170721
38000037
18371437
28799811
98888455
36237760
24139747
96164944
57986457
18456980
27100165
96634763
60563831
57046324
58313173
35397999
52829238
45972688
12773393
43018817
48607569
83514071
51954472
20462849
69127340
22011319
25392218
16800253
82222150
86835008
50604523
59980289
18021884
30341670
40964867
50690857
17537012
64399525
15239845
29545303
99606828
11575231
35915082
21799359
86816031
79531417
55861535
73590417
91673508
45655494
42316556
21838712
96765038
82568580
64656903
23896249
89563944
33561200
58502743
68700460
99570396
79514098
49201076
90006757
16134780
52293659
99030146
51681944
65643664
15671534
44044363
40158801
53272550
81861457
22163686
93564501
78196172
42277186
93979204
53004454
13834599
27702106
96261926
12010291
26970946
75748263
39195475
36689176
81508419
18564577
34678449
82162213
53551607
42362304
88943429
76940011
27215647
36948838
19558333
95405689
22283625
48798509
30413295
35798085
89780223
52777972
92123073
92409883
58606405
78324541
59328778
94380692
47703596
93403297
92632202
83437267
79930752
65030890
21257534
86126073
29450390
97921523
12020891
21988821
44170155
41285222
19025463
28017746
96337336
80324402
37596770
84699131
95522488
66216311
52194847
57114910
63378850
75189998
29013638
80985675
78363458
69331672
60930848
53273477
44499036
29315936
58896263
91569582
63864087
59772844
39159830
64984209
49470031
59794975
87071104
13714535
55548156
53056045
74706066
47237061
78519412
65065173
32741140
82889955
68753783
33197443
46164802
65765888
15876603
85109300
35301026
55045494
16427372
95199860
74509566
30643371
86566064
52109342
10114428
64310177
56402389
50298558
13993435
20431785
89577562
82832919
42047948
56698293
80403991
31842624
21473003
17568842
91255625
83594601
20101720
91978900
74144446
55127611
40761846
38974739
84448281
71453022
80791872
42834548
67444163
37356308
77021379
94814075
47803759
34483458
52862396
81880859
52889927
37745486
66854312
73108024
90729317
79859679
25451683
65749079
57908501
55612945
75823925
56745326
11614039
42355160
31274423
86181288
68815726
71583421
92260974
89559978
20274222
24416596
68925273
82128647
79851135
49907601
28738231
86214771
93730945
38649353
53039029
90955949
39479613
42396814
31826989
59217865
55823950
41520822
59382896
74075472
19809368
17858504
67226199
87689385
76290640
87236327
33189185
81420778
81980242
69910176
72645374
36826241
71300379
56871010
95722483
41777671
93320242
12896253
80727381
30351201
56757870
33827411
84177341
89182589
66723873
88621612
29302822
93935403
10685298
29988374
43965077
61092757
89024969
45312375
31302739
87043933
68682467
48436017
98729814
46446801
11862640
48700350
81915981
54160077
53516819
45820539
72904238
53377827
58814260
73499147
75073134
69450447
56059734
60072417
91157345
36346533
86363306
63137505
20045659
35739262
65141128
19476636
60059259
52262339
28526505
82193161
44111091
31481785
70521426
98245191
19049418
55162681
54333005
62758310
61038573
19357086
96194882
33941833
55285928
15910737
63276538
44885822
44141104
21722480
56476734
60042814
67974620
61850651
48014430
47360898
43261556
91983067
48463565
10261695
96365858
48534958
62312554
34517312
16630149
56232883
80976857
53743520
45515502
44892176
15380384
55604992
98337465
61754222
18482475
69930371
89583048
80589445
51347427
34037140
89200983
68438904
89484647
46063628
96121330
27682370
88767200
89846409
68324693
62383747
48055341
83150969
33497624
13465245
65734867
48502672
87184430
73955482
51615877
12164842
11581519
31593867
27637399
52931618
34193576
94564218
11786893
27504017
32077426
64575745
92682174
35023668
24486064
92742008
85005732
83460907
53480453
47177545
52342595
98292446
63428271
76964449
82383284
93756858
33252132
58895935
79592142
65712537
75098823
57297710
64121199
64117959
87363983
40424940
75801601
94355093
38861392
60971027
56864769
52258559
85637753
38729710
89482085
28631333
45420612
20402104
69092279
51364721
50162723
86151168
83558839
57230098
78795511
25883887
34720726
60670015
55478947
46239477
18494620
56704275
30816236
16308785
45932229
50340425
82527310
45356474
52668318
53607425
88013020
95119934
50743156
58783208
55589295
21384915
30596882
13437425
24287590
66392325
42068132
91817769
58160485
85372327
89450672
57026849
97776693
68779753
58245889
49252243
67621985
64661274
31807308
20225877
77990925
67736618
13497908
60171107
24372893
51481467
83237716
34904599
21872975
37535458
63609423
45675625
33984603
55717411
99066338
71300903
89211026
84565886
65518230
30030662
97736327
35433058
25745295
65347097
19540167
57979700
47162663
65214270
32386705
16583488
36064437
12895927
62872213
22354402
58492752
79256171
35417212
58775850
53070036
63738759
24905609
28083981
89056365
13851139
84785415
66843872
84331277
55777290
31236458
72291192
14248397
38646221
79734692
91720444
57951609
59590970
48431247
93146047
37429240
43968777
17591474
27308209
41185100
67882752
67076527
44917792
89130462
10592216
27988097
50933865
96007754
78433728
19362772
39421260
72652228
82892538
84028417
36237785
47706021
85307684
43244581
63532167
52984214
54225885
45306596
27422295
18387286
89987999
29373997
36665313
48424248
60221279
37217347
16027614
81911567
72544394
52523150
37193329
86337747
13302944
36619865
80196563
80707068
11958169
28628704
99887584
34159803
37445726
35778632
68510604
40530360
54579441
65324289
28823960
79741633
81935042
58597445
58716273
42027679
49949201
44841405
60191141
45688069
48818682
49838018
75980162
48780834
75280674
73351360
53666637
28683733
40838455
32606364
95412480
64927707
99413329
68478198
31313226
61019996
62342963
23446798
30809875
70883520
13187626
97021657
57985069
90571755
32175511
55122288
43615960
67161409
78794702
43907174
27667196
83109218
56307505
37582812
54928090
62478356
37105002
12456884
46314836
66563903
29864900
83393630
66634069
20010641
17697742
51629150
36959937
98112174
62554254
21401262
23518705
11503078
97224303
43729677
11925549
15991206
39114587
56440246
33618705
36432134
21908422
33566943
88119559
71740925
65642307
76141670
39348268
26848027
50294195
15988890
51675860
61180639
84373912
90447266
37515300
99555126
70173319
65681166
55733470
19667729
65332284
80195576
77137210
59328801
14841031
73134550
35107183
31869106
68717797
23884128
34487633
34599585
75472746
40432152
53463572
26492795
37718617
90023162
21620654
20393268
88630166
28942914
89143643
37670401
40990002
57091413
30189754
13533266
54462694
57823693
70089237
84442863
17304987
19922980
25174846
38475054
14818598
87101820
31379604
70925519
37691281
54412680
72423077
54857460
86418708
53534235
36323437
96069312
99374755
21494475
97246525
99464330
84824353
71321793
15642295
50453566
68763058
21491104
93604470
76642768
62113070
75091216
64614346
83505374
61082801
16739558
47211296
58757986
66691791
45648754
62244737
13951632
86120293
74978532
31187889
33745746
36808202
16592219
89625207
42900190
99800229
10595212
11869309
42210032
74480024
20829707
94482381
42420393
19318682
49848249
48592123
58704516
56557859
77943115
32290146
25074289
94179712
50723570
88043014
73017360
93458054
91904684
52444953
49379467
47815395
89740327
65142425
80427664
30904336
53120333
91527702
82174314
13254371
59387633
92710801
70439995
55212096
76421908
16856960
19867224
41919827
61124207
56367297
81865482
24391281
82702528
17368123
12387341
51170173
91198220
88739600
42256672
85374656
18116435
34024336
95691525
32976385
43450625
59146601
53306029
79041400
55257568
62851118
67782047
65573054
80540764
90819919
35082165
92642269
51260981
89789474
45817204
72562523
50049317
66808311
68295753
32337233
60361017
71920491
35376043
95844015
98313408
72519900
98859515
17001968
46490418
37039245
70170105
59943640
57767062
29764001
26019611
79592353
20220535
46481098
47171149
27783473
79395761
24223694
26077936
51449563
67006384
13303463
20942266
92249297
79568225
36342216
60771568
62066908
70555314
88943936
97890345
24952448
95373518
79951000
82605191
63265891
31945698
75421645
75738020
41625429
85459413
74220137
17666858
62895872
88097462
35087933
51105281
81879597
66774324
65210173
78869028
33393456
63449158
50276472
12952589
75192562
55991659
54167346
18288719
31172505
19444363
11448992
79768258
47865558
98731133
19393727
82680536
26075338
61361442
22855761
19666574
70876462
84712309
98753535
97763069
79252487
69170145
41018514
30436408
31943109
59390911
94046420
58214487
97948890
28129570
48900704
13990223
35806795
20045476
17092347
62870564
15320860
35335965
93548220
69376692
84207946
56440578
98927720
29821981
41482226
82873815
53845596
50179788
29574543
78934610
95041187
87216931
54082913
97737230
39040808
25533382
39122664
28130024
74734213
66051587
80804495
95232890
65319033
24704987
63928038
26919858
65731705
65559985
86075400
60791054
55855581
71503374
32423836
71212662
99137595
40824335
42758646
95873973
83606764
32637021
46533654
32529563
89431717
48523880
78450199
18802437
88307147
16098945
17330380
72912187
78525288
98049675
19136467
71734684
83624076
13953568
27750128
95452236
20862453
64545651
22427589
11212008
32323418
92958293
75957167
67975892
68248787
96999999
31096113
21050345
24227196
47281747
41769963
60366519
64753344
62991441
17344751
15558202
57809919
80357369
91553082
46034289
12787330
93545995
17159379
10604508
37571570
60963322
29663010
64632705
92177314
44356105
63104473
29366593
23780921
39393440
22667563
16265544
65417409
25165753
99346126
80487838
41932055
18600077
32252301
41748239
95384233
85070883
48061205
46379973
25753261
10860773
98221914
15392039
83818623
82631243
38886789
20498158
93224278
45652309
55589454
83928594
76713229
62472256
36578285
78622887
98325540
68832324
54702541
47664954
93519755
42265763
76802267
59026419
57209125
45185911
38613288
77861364
28168738
88808097
63146357
71580939
58370608
65650426
50756716
47695633
15438706
96288012
39150230
82567895
83153968
22491367
79385301
75148223
31562654
98921056
16241192
44733950
25139740
97238946
30205358
88616790
36927126
14782184
44951454
57645071
88407115
70945978
21766802
53830599
88313223
36272215
29408465
42052673
67078024
53016918
41922757
13546800
50788325
27813488
55484428
46467965
23818900
14189524
65264695
62934404
53813543
24721716
72025624
83312283
24063849
37147824
24683162
15038763
58300257
96773809
43856395
76681072
91738652
36700246
34054909
35047715
66734110
37664368
73415734
74438064
34839310
60506087
78969971
25525030
86472008
46538158
24451729
73775111
54936744
94875317
30538230
41692456
36385334
24376951
94651878
42356396
26341535
37482531
78215618
50330628
77468289
80331226
65451330
52458070
91480209
27734889
50523660
27653498
73834075
60138028
26232026
45236545
32461236
75555011
90156603
32064392
16635806
65469348
85936278
50161512
29719841
50578410
89584301
51516451
87727199
88938838
74264917
30142466
68708556
19386356
46103384
42129546
55915914
93187067
33433319
35365884
76825311
72478804
19354714
23267054
73684552
68055624
99053589
45780487
13444390
51849291
28664454
18035415
97348503
36000607
50309834
73164497
71816800
98282663
54697839
63322470
34989062
57453833
26597204
50558782
23787516
69577342
32076717
98189589
32873974
36798073
93309219
57356593
31558107
94657137
21013784
67624060
44010714
70596749
89168648
24140226
85007892
88335723
11607307
70007687
18562167
94103822
60650103
78959878
84551722
10353122
51915042
97103426
18720548
51592684
17775813
35241547
51370328
69278994
61220731
12006032
28944395
92938500
11711209
20204379
99819205
42982470
77988217
17658605
89154917
28133852
59090494
45156918
33159247
51494289
55154300
80975409
73727297
73012835
76812735
33464154
43064004
84611086
56747049
93208653
45119806
98414026
58005884
99469348
99796005
57892263
23502093
60113612
86424145
60545245
28497614
20206688
40389319
60154591
71645782
42090095
62869609
87657308
88024761
23098269
89465006
62450108
65956455
61152891
58404884
56190024
45590945
92933362
61377440
55348841
72302745
18606296
58314515
87354248
94131110
60159653
25973035
88973089
46958271
79419538
78292900
41782623
17507313
31784168
48495281
70620362
77272808
60199172
55691422
91912770
47316537
23951151
71768254
58248487
33319251
19906229
96668848
44964854
65779468
28953157
67669052
24330486
39516350
94032547
36045212
37946909
31265687
97261096
43544032
42662246
46304893
57753824
76062561
65563322
47906844
24577361
73951071
93620235
73669645
53056475
28941114
14082432
38567588
53689275
48746697
34398794
15018966
80542633
73813083
44245910
78056645
26895266
63715656
33045915
99972330
28684480
18260947
70536798
21099204
19490653
89249734
64775237
69934134
46317224
43536897
69290711
55558691
73151784
37107366
77473420
35392262
13610464
31397533
58853604
49301825
95591838
91441640
72570064
15657418
67217173
60574528
12035811
17269074
56791116
87903690
51486849
10521917
32464008
24189044
73242062
12107182
55776227
24528030
40535114
43654793
39641097
31220111
83364877
70253240
65583567
75016474
86615207
62162660
53943132
37931500
87119016
35787856
92909317
91331189
70580539
80327378
27982647
60582897
69545581
87717614
24352141
33130386
49475340
76204304
57952002
27637324
28542250
71568358
84604736
42313789
74907969
50837336
13497367
48655798
59197168
39444389
33209353
19922410
68776419
43361691
75367298
41247922
23795666
75840548
85709818
41643680
62633665
59551180
90670115
52327984
77731170
35913975
62528899
68022656
17221380
97280987
76987835
59560216
19509090
36960724
93223357
75150824
20796013
69902913
27309362
10692481
81451865
41825840
47027807
31272152
76633041
22361895
17771299
87519514
78774091
93730705
83979549
68600742
35263093
83150020
49921642
50346156
25748559
17666091
47064588
83762400
62159826
64135957
91831398
14617690
27156814
48311449
39139683
31969037
64197713
50050723
51664695
74181858
97746755
24988861
17522672
71799567
95061826
74889088
72249178
82378364
39936368
97174485
46470598
57026074
15489997
97434997
53683671
31773796
48799177
65647492
44786225
78868589
73389070
82230974
10288262
48715454
33457240
70694683
31505287
80638545
56698210
29520715
12727022
90822179
15215030
84541951
26140661
38810444
49173192
98779068
52681546
77941358
79821561
96956401
73941085
70279353
28896161
75081855
13708756
35672160
15920065
48050916
29783768
12316824
28495193
89111822
13270137
26630846
44041575
84978385
19289663
33671704
21416702
84734708
82815310
88021171
63645951
96830950
80512565
83137516
47753206
34530771
28129419
85127443
53313088
50660198
86382986
57934403
57083851
98998577
22417267
17718122
23216047
12018505
13654887
11241408
87173356
60166653
96006715
79497797
15598325
55440608
23454268
87918659
97685749
27102739
94805406
43383943
71955061
80782276
71986809
83460855
42278847
82336208
82915560
26486346
12183133
24866683
70582254
42888639
75318446
35295400
91953492
62328918
82206134
60284000
64514693
25245474
49401457
74195336
80795958
83456681
77477171
80644890
50079677
30637717
36914022
52942311
25628838
51094570
67494455
28893925
53020796
24976322
35889121
86412749
82695379
83404469
11506544
65536311
27804126
19928576
23377953
56775250
87210014
99378705
87215206
53180733
29756469
79576625
16117894
72026116
97260505
47006350
20147040
83979194
34167139
92694244
29295055
51135663
54086279
31664584
42766889
16126542
23097374
89061521
22232802
74210582
91696544
74392931
53152590
92974003
22365869
96264665
57606020
13360440
73790926
42775134
13330427
51820841
90776264
26623132
91648142
94695072
30756482
14335272
49489749
36993084
69616661
20904564
63318601
90133999
56458178
57285248
60058056
65880292
69046622
20882423
75855126
62570739
79209179
14795001
21059956
71559984
93488623
78850932
68995931
84629474
18043051
77714901
20613249
35370361
64696153
41639929
89489617
25777402
25940206
49808641
83996874
73586908
76016120
90791561
88836641
61487757
85369629
80675814
98053073
37761247
14717381
36292385
71331858
55108112
10057684
13752975
61179499
44996084
88717973
16552974
88696927
13314226
24658398
99991235
42378359
33270367
36610457
37151279
57366890
68878359
25903953
13243155
78397421
48797567
54319172
21092321
92355485
46280678
44240702
34111592
94731847
57840878
10787340
61385537
81096439
74155332
88884376
10154082
34982302
94384138
21449126
72986064
15968863
95266006
59419818
29461361
50052342
37778388
15490115
41874175
53936837
26828295
34621656
42067865
69439485
76626220
23036366
66713843
71478117
95681087
82880739
85995054
68955082
67747223
46313130
58325315
44489220
82794156
92504227
70144024
66546592
96244473
62224886
16732853
14524719
26052092
63934028
73361424
71596970
58093659
30777162
49899268
61031424
77789089
79693355
97924832
97133758
62887333
39003641
74571932
89777242
38412555
94468072
25035932
68055012
10766671
47775323
96821674
28400836
86074898
60175278
89461637
53771218
75892050
56403622
50779400
24165337
51869732
38674119
53006999
34867075
77758978
58728079
40358729
17042911
94593006
95224678
63390093
18702363
45993247
64452848
13944495
96782818
90947414
71007218
63162489
46203472
27374160
50210910
39182478
61354708
78861309
55873106
21720847
18968172
92768567
29233245
33258982
33590658
93430830
64951873
21468477
46686309
27925220
73493510
94904389
89619720
37532040
50318528
91091482
48040078
44672870
21699649
67128318
18370682
17447936
56772579
57132320
29688983
54097122
51216831
32383364
64261504
99917894
83492823
96115935
97272069
27158841
39074702
45425731
42420569
73314298
12710135
24577622
47453493
68832618
76436792
68188858
36214931
61068356
46825037
89741197
46271622
59281898
36430710
26830604
99690164
14484954
51322175
24257362
69645426
25576255
60960810
29648319
65309178
56276260
85204602
13017332
29284299
62116675
21898526
52020090
20895005
37138684
68827577
26282626
75453568
10749409
21473098
64674119
87817104
81948910
90471293
34505359
12407895
23902550
83464717
24670801
16360127
43959252
37390577
26194738
22073073
79563120
42146599
42652368
71215818
60798868
63800701
21055436
18400850
85048311
11217764
65992327
33400094
76493644
58015611
91910830
17940115
11004755
21709524
90948994
81143325
67563385
67459309
25095817
42669175
15399918
28700918
23389569
61493830
41097184
82959852
36567802
95394503
71255648
72227415
80764157
34158104
74302304
82997148
35233002
32696095
83004125
87591807
63446368
53330843
99345562
31503674
67078740
48267205
39949058
75433010
34080837
36291618
51108911
45914204
15343622
29647976
14744328
77939500
23706042
61402890
19719940
46730037
63758558
53189602
24551182
72528354
79987072
16405627
65446273
31757007
73996302
42822264
44010578
95704901
44756425
57204771
24831053
84404688
24051929
37368086
20374904
88732159
69924729
60731392
44094228
82958776
72330066
89683988
72636865
86705589
96315750
63973396
54614209
70545951
54860579
30277494
13144149
77664197
86781080
47302448
58222275
66247673
40041155
61020197
97452281
16907655
99234952
28592940
29242443
41846099
82168895
74132025
79869657
22911374
93752036
77749802
58374284
88125588
91741616
97895359
58080742
29217225
77434840
66166650
61892543
30608949
35306457
90419925
47278727
11882251
73412141
78965133
69500508
47946358
59539867
17312097
22805031
72235384
67190357
18753034
25262562
98068809
14745395
27419338
63518485
20038780
40581766
74477807
30052260
48862866
74079528
53672521
92019219
28210268
42969429
48003390
74095717
18732435
60192739
79228860
92826625
51108976
78832079
63204589
86114260
58935702
56126219
44452407
17045824
82492997
49664108
40940867
51863496
42445857
39028024
22970628
29037590
42977293
17768773
35747036
72462321
99741809
74810712
64472456
24911016
39317193
76462080
81113416
97508539
53425031
20330608
58295348
11717890
50295687
24143469
78829258
74219245
54794026
42147811
97182102
33349350
46956177
17297939
70355325
28760403
48777080
82859367
47390885
89365815
34070572
70663015
80896388
99320696
77081002
74149187
90820484
59627707
27042134
70928272
48055888
13879915
43832149
23511568
60016830
51619417
27221383
57425194
70409305
97186558
44947876
83349496
15770249
85347547
96437746
83227519
74961761
24150785
13011488
36543098
84776838
44692397
83348931
97817423
80311607
62335499
58542570
54694179
59329788
15501467
69119967
36287625
78544367
84101297
52694525
79504981
53208481
94664342
21034921
46904335
38593963
63578990
91953667
15132115
38875759
57596345
83979638
15168215
81788087
94103214
39751795
12882777
24423322
76403236
59564994
19558502
71359247
62364868
96762234
56141092
43167724
82596793
24106414
24647832
80630001
29842068
36103363
54704658
76159325
58342976
69498978
98255926
35254590
91371559
15740359
60003642
23923130
75275345
23798105
16727092
34530262
44679763
78243364
15540262
54967557
60674824
73666379
17905357
48841393
82055763
66409655
23523523
25937728
71555213
20029102
26578782
99538499
62590419
73787680
78778214
58937323
75965494
67131586
68191754
45865913
41222789
21041354
43035537
46227402
52990151
77853353
99701289
77468398
40904218
59604188
12331791
98843767
78655125
40624341
72252786
61957166
91539085
67785435
81393644
50087903
19210153
67946730
82815130
39221662
78536287
79891137
28285976
66090484
45674127
54817853
16324686
72705213
82489534
69494564
43717871
49786235
49205358
24643483
62071894
36275337
59285488
88181413
41560372
12187895
82443590
50336622
68575729
27366863
86028764
47816816
53498171
78899241
49766714
59207639
42351501
26611218
51152554
83872585
70027718
53228825
53605735
90590919
87865317
71043206
41211876
98976939
22823012
31955498
50242485
92219729
51216046
22560722
42474398
39742162
77897661
72708565
57951596
85277652
16846925
16912824
52561277
73467094
56741090
75327335
62564398
83885762
79584706
29611035
90822061
24688204
23222189
79543403
27390098
22241048
98492332
42615673
36341219
10997781
49820385
92903252
27025971
56415348
13743866
55628814
62768101
30456132
37008063
58819164
74418446
42427564
13307595
31014371
48401272
13490756
31617752
86313893
76897475
74478480
19981235
16210439
33865511
63437593
71337166
69569278
59903828
80603434
42442868
60736598
57881082
80092836
56926359
64526879
81433701
24212478
40139461
50271668
49993920
79037405
72157625
45591401
94669178
49811532
18749326
44891472
52820677
41328024
97491727
10504635
57399243
24479273
64795419
61146307
49207554
53697747
14213682
16110318
69629090
35254640
90755285
21917732
63155023
82056648
80120586
37286048
89682179
19650759
30531228
17124167
46173458
68503378
61997321
18765273
99167604
20132935
65423080
84977418
43749669
79378104
26031432
62105321
41885475
19645295
17535964
92478283
20948894
18456654
49097912
75584635
63229883
19819096
15156648
25539599
86239816
78854317
42967765
16191711
80226325
17324141
62434444
70398395
40087350
72751088
26857411
10431075
17322182
94178126
71988191
67227866
78538166
16819898
11331076
16246393
40353710
48720403
73914830
46423389
76342850
85847722
19031525
31597253
19780953
80019464
93057218
69741818
99631779
72372591
83219179
23392604
87732526
82028553
68377255
90629400
50708656
39371260
29055432
83635039
67742041
56274773
89363798
87683412
54171166
11365312
20979503
86761702
54689876
27616688
93391931
15887666
35468899
86646416
68141489
73698183
29961500
39530585
53751587
88358388
53131268
43059855
78165183
33776978
94825393
92085524
93236784
69819127
93931008
68201665
23472121
43111740
28829071
44456328
19045568
57033095
69880080
40965329
74917323
46860806
84295941
35822891
22500935
39686580
42841883
34680733
46984501
64073082
50635937
15422491
45290610
47815410
98496291
76615188
74790241
80213830
63911591
62317864
43193911
54460471
32359811
15239543
98492258
11979322
53668569
97482133
50729751
22804284
49509809
46185241
37923447
91063047
21294001
15666900
71203388
42487291
64352415
86160640
43688867
47498702
94766045
67142964
53916492
76106305
80789667
53178972
58339550
65593880
57312184
47562145
61027173
52321158
61872968
13043953
23210889
10292031
80565269
59527620
74476454
13856523
16293788
27328762
18532231
57843709
14030567
60334176
18250436
67253948
43781615
84607186
23522869
37399552
49856939
90010874
53856274
10707609
87218617
81609014
48161193
52477353
93579688
57762712
97160378
15946738
46007904
38995079
27230834
92502090
91016622
17926530
86656259
68281771
34454896
98119557
12089052
73430247
65406937
62628740
48048394
36410360
76605282
11232916
38918315
80998390
38020777
96260618
32548897
23552855
89964538
61195612
50024734
30209537
51175958
94042943
91967836
50773150
36263657
71994712
39942235
82718683
48346237
74839974
71169482
93630211
77474903
50390953
37207947
60281441
95318613
20200298
92885848
34263666
70843578
47885221
83755080
94439133
24318642
19758795
38353612
95718203
32451235
26882239
54226573
12804977
27214194
55570908
53904065
34819861
98504581
34247731
13629892
23299716
74330226
58069487
16452049
92582930
58438089
77640794
73419229
47065181
14785274
71226872
49354512
19237434
30177765
10422097
64592849
19973757
31313228
70322252
31655237
96483863
54073271
99422003
51689355
59806421
31176804
77609806
97958876
65613993
59739885
44844112
52542789
69105672
32662167
29821081
24661980
22554926
96718676
30903057
78727949
86056583
73363938
52719015
65576722
29216833
51947154
65645414
79977089
65519852
49481635
36638641
92671103
92279242
52891341
60204443
20429970
32517945
80206169
69169893
72915349
49582778
70620653
46219029
93290052
91843485
30145254
97541039
86889719
21086795
91319646
95302291
56794732
60632013
13987955
56170685
99833794
16512075
71005038
69308144
33300531
57281011
13541966
94717869
51030575
26856547
72463323
94008586
60995026
60543713
81161050
19783042
13992874
29456408
10037285
34950277
12293091
88436352
47267176
53259817
56748821
53686235
95532149
64807079
20738523
64562245
90967806
14432990
93187809
99151628
71956259
38759686
95876576
56796535
76980115
97841595
82780000
96386181
32230391
79177044
75673759
10421631
18837353
54424685
74408145
88555798
68540172
80264208
82893576
56629783
47964469
96380544
40211504
55580365
60408262
32637857
15521457
71843443
49846172
37005447
84193463
35927636
56696350
92705689
45809409
16894326
40305121
73506214
61983662
89770332
46374132
13868982
95193642
63390990
53101432
54308989
45593052
87024343
90650276
82359697
49322591
53909677
57835978
18916563
14671475
87308752
51088561
27874226
73850341
36535840
61719329
47686336
84003097
18417942
91489050
15791807
39089892
39652428
51667759
87243327
93010688
63622758
22035706
16462060
55854711
56550057
81995500
25859463
96885546
80455308
55992687
76016453
98997681
24401144
48044882
60335541
78936881
52111995
39064784
98772413
75033222
94868174
36746783
60215502
11650594
41919706
44118020
59229153
93776286
97193526
96610109
11445486
38913002
97241475
99556517
33207475
73813663
48094987
34753187
29226513
95321771
31666252
86465385
53456319
17408731
94181029
11426030
78959590
28698716
54376453
41244969
36644656
81757053
48167065
26285036
92876810
43390345
72557058
37622676
66519315
60901072
30826662
93309615
42271569
53014482
21939460
53407292
87214081
45577406
24973771
65119965
98012346
48203562
25049549
36543473
92519235
33455717
78489382
45620264
69860728
14248223
59605245
66574764
99947926
99191021
77014233
52085498
80613541
98361450
15269789
79387348
98110210
57634167
83777953
29166728
75520290
77094767
79800839
70530011
26962596
12999703
21108083
48410576
37702277
47767471
29129427
35639420
60791130
31166315
83171270
37147480
74361518
17226453
57798392
59298175
58942761
53518072
84044386
11912799
47119311
68584103
65873984
85279605
49227596
47891294
55774393
13843784
72942149
73826701
51974970
40486608
92920664
34660642
17890047
71363174
68707752
95910779
35657576
42489170
80676547
28704304
21621463
17898757
11017816
11102808
62452274
16581231
68446982
68602741
38133767
18486398
20857551
71388669
73904075
52622517
26337963
61977094
97777851
97326308
68777273
84577805
70187108
98428042
24821776
82433634
85458493
65148227
64991284
61826612
57334642
55402479
44525605
22495157
43474748
29856273
10429545
43798891
67902785
94793001
77219600
33927173
63523455
59127056
66087086
71840136
71565556
91513584
39506740
62661836
86222999
20031015
46150988
84994565
77649368
21764511
40730310
48713828
96312733
94311228
98991770
99054300
59531862
94709614
31594777
77877506
99604927
62308070
29206069
60742157
15959730
92573028
18360937
46924541
72195622
29188015
89438278
17636185
63507784
61297183
80055452
50196624
34361524
31663956
53961281
22051713
56883664
18887433
35623425
50793366
25644485
47128194
77433890
76731403
53191579
42299811
65022866
12199117
48770928
91023515
21715119
87436797
37981525
71174973
13525555
36638739
56855493
18850287
14202299
85408288
91861443
63793339
51398642
56042028
36811791
89584259
75060574
70510141
92291076
32486993
21237447
94673401
72234641
79684429
29168319
66481251
99209042
91542983
10051411
27450945
48972874
41399412
64817612
81077534
87819839
77234230
76073250
32289715
18154132
83842302
41866817
42087034
94598345
52308842
76357186
38917757
58937848
99807000
70474397
55268489
75880701
13700556
56292015
13558868
46251614
20347238
94273607
93406223
87864928
92504976
16483714
49714465
35988022
51444224
49087445
53424005
22017108
52674154
17681962
85430209
11954531
93711878
63597217
32927181
42405817
45570039
14916433
75653367
36905059
26669940
66615439
17170500
77012318
91963235
83003514
98695179
79144859
74512485
90752624
73632253
22477108
54855239
96711588
86910398
40620038
77794361
39405851
24579570
88471877
98681118
27177669
34704419
11307500
14522827
75775890
41506159
69428063
60212677
15492914
72641623
21702871
41213707
65414499
71553449
14140049
42549606
45332514
76291909
41701610
34929916
67421518
71463420
53998482
19018619
48960276
44769776
43259791
87527254
66275816
36753042
26433803
97837360
93660844
69729990
74160809
53677262
98533500
14479909
95633146
81742841
88849607
68617847
30561118
22941875
29524787
55060838
82212382
58626086
18527536
56938296
12496252
65239126
45269525
81049515
30755683
21005630
82992563
34169314
59725744
19911549
42672238
34222010
45550752
82999614
95704003
16170546
83896377
53788155
18305115
25850670
75756623
74431960
52242664
37832354
79035804
44958268
26200308
90594341
61967948
64205720
78655981
34500441
42817254
65685024
11121985
81113688
32655159
66009101
42148718
82901721
41306377
60528344
48550882
69452365
39078470
83876321
25216210
88274097
66866348
54106819
40111164
81266462
19989930
89007669
83816473
55382304
74390062
28767255
35689379
40448339
47413167
95808675
33283384
13549846
19344050
30561751
28175855
85842335
51504809
14304070
67770619
49966206
13225686
63690000
57539155
72714986
70481598
58105073
12491995
25755181
97371173
70250157
93575674
90123897
12198972
63649684
82140543
80005244
56161671
89490263
59907538
49802381
95096763
63266235
87202479
11398130
85357379
46035449
92116973
31148236
48818013
92713398
68069500
54070560
18575201
54731930
41922030
81355394
49270562
90871567
99999532
99966304
89196141
86298648
60213065
12036968
75147182
83453131
76811251
60576535
98675122
43627501
15379589
40517599
35392391
14407336
71970618
57335284
92177280
83379435
11245693
41244084
57107413
57051486
10987612
34563249
95930215
17481601
94701210
27392476
64514848
29735008
81285603
10617807
49810297
92116597
15928218
12964790
93406357
81368602
58015823
35534427
81175337
63128012
79702990
26710209
31243058
33071438
39451053
66090995
64696280
31468753
36200213
41289427
30842696
44188548
43761061
77149131
33152087
71582812
45454252
70025438
89298487
38596037
73202415
26980780
43673302
89615858
74336920
18388116
37513812
96814165
26208445
88435956
62751390
51048747
23325836
89244043
43671724
54582831
60528128
91378771
88243236
14818812
55446855
20961722
82566258
95673905
94390584
71136550
70017662
89708393
19498133
16201395
79278571
56288721
22925397
72243023
27243085
81578700
28732209
75487185
72518754
39630373
54497231
67957771
46186730
43890975
26846739
67948298
46250353
86272472
68232852
88045682
43756080
45908034
49388938
11228351
17434404
24541106
62383358
64770214
57499849
57951127
38279696
13625625
19711992
39041223
58376420
57338986
99573978
43296117
60766507
15503751
25697032
48181055
85354057
92379235
37941569
48512296
59988342
54151111
76395155
85290137
17468250
93896918
73772638
99168226
38979350
78352194
45490637
86760296
30603896
87124012
32242447
55306234
59059355
13968204
23680823
68756489
40858574
86104982
42414110
18091385
63959203
44447101
46868528
28108089
95334916
55310273
18377639
94841575
14669986
94145127
62487769
42531726
22900820
61005165
83318365
97061152
95509903
73461145
93608730
36833637
28825922
72934244
10652501
60996125
43998823
13896173
93673296
19957630
99785202
67715326
93865868
19481929
64077539
30392503
95837872
68406664
49712379
80513626
67781634
34482534
16320011
86069426
73276689
74148266
15000295
93181856
46040437
85233234
32143098
43920067
17690799
67701448
75738355
73974083
52297514
46354627
95881757
40127803
23765987
48790205
37679565
32917057
47466660
94234508
73414900
61900435
32092011
54655904
39245396
91971295
19478890
36251728
90044462
26214440
27563009
57271900
61825007
23132869
96461803
11896723
34575132
98687578
79447722
51721831
24038667
89580927
32386918
89237715
59468262
54386143
83854572
80289881
61743140
48248322
14582966
73065206
45088528
61571744
44423698
99199174
46900932
68752977
45087350
85194640
25403713
20667364
12970613
27021133
32102831
96645341
73270231
43064641
67571552
76817839
54038583
11322650
22243306
38885227
47311485
13797689
73242385
91169594
16659057
45379645
66547883
32516245
57220546
69298653
57195897
79680517
79423859
66316517
76893312
35776267
16721663
62649257
12080248
42641583
13410455
82390567
50234462
55226536
77582727
46076728
60607652
60207140
69399923
18305544
84089292
20448543
33603842
69644890
29238766
58118354
88345431
56381477
72730916
31818410
13569867
50945165
78284380
99239335
72608499
67496786
98017032
86843172
55516585
25939337
19880034
97485424
59283992
70201411
20899023
47625101
93823478
64451038
19042948
79711954
50272360
16555383
50956515
85374467
25469483
17373653
23314368
59142361
29420892
95881052
32687054
14276821
25518691
88498477
38012116
18971547
14358526
78473768
66600778
95953742
62733043
15854706
34319632
16335039
18354075
88820432
56803740
47581283
94853066
74866613
65494434
63328219
73396951
17489569
90276362
88854746
63044968
56092901
40651021
13419718
93571525
36211023
75025771
98191369
54613285
64314650
61814663
28191497
68839201
29236083
68115631
70134591
57424970
57769768
89029626
51412598
50424918
60173807
23373386
96131189
78295633
22875249
53111003
61503937
28877490
57350768
74428533
89751892
78824317
58794331
71649084
55811957
74147440
91817048
62694762
90998145
43833926
72887324
65940849
74252268
82698874
98266604
37835977
10212314
29160484
96704179
54202603
29987247
89726032
18493271
75149142
11067504
50795273
66015030
96470920
65462479
31539736
99941433
33460360
92052053
44014442
94327571
57852960
61942187
50743311
58843927
49794729
31427077
18803550
37332148
63043070
18269868
37257143
21526542
89088914
81595302
89681633
17740089
21642142
56046083
68081041
79261204
50600435
42316743
40990988
18296384
34950253
88253167
98637667
75763516
62518536
71213730
29528670
55474207
84448268
47163510
65989748
86933488
13728228
97135707
69946997
88128037
72691213
40275112
91901002
82146615
66430762
40616256
82580309
10946910
58105396
12278368
59240306
82897774
52318857
46270495
86322894
72030006
54024452
55701816
81439576
96311319
77097946
84445490
19010684
96007362
72499178
60783728
83693856
76699574
49112622
95902404
67124705
33923283
89288216
66592764
28430226
89114716
49584420
99332469
17688687
18413498
70275927
12868460
10624361
72381158
68868275
55486502
30292355
63323769
80799307
74717051
81426151
61648900
93336098
87574837
74647430
50679765
64177579
18371041
55286573
94912100
57767998
46584483
54391173
48500593
76400337
68686127
36487538
23317843
99223446
37848068
22177058
58021584
21233949
66832134
68392771
69079937
63124320
49008138
54287743
97708406
43190728
81024639
55739587
32951034
55924916
70524570
87219765
72037163
74274763
12029590
30825050
20897129
25841034
72242420
27266473
52923498
35770603
66891747
54571339
39404266
60173363
21393978
65129970
79597696
33327705
78151969
25248339
71543692
26951950
85138640
21092417
93688013
34737133
27318639
32996456
75197583
64858305
54113693
38209954
92707969
27646829
29703437
53395449
35740068
64596604
77400138
58748218
85606368
24056518
82018971
36655409
79524539
26570241
27053704
79706622
91617231
19650141
30870327
57198474
74768258
90829358
41007142
25517315
63700363
50951800
71605989
84931384
24525600
42364737
46542854
50879592
36490422
94930966
91138229
68669678
91260906
47617080
30391667
65038270
49372763
39673774
92558735
51557595
53028255
37499471
34702772
66130012
48795585
99547583
23199881
74238528
58190238
10665556
58783551
25739919
67924282
43282886
37714923
32958837
75195748
36116325
35973636
29543648
40416980
76059705
63391411
18419574
12911142
43847152
81054746
34193957
47222180
23488173
12144375
55504189
67425860
67183431
89209584
30009099
10019269
32803108
46322720
56768254
27482470
10854457
47439576
14871719
51247742
45854210
41232889
73607715
55988782
39485335
29773543
90004770
29298970
34649668
88643101
47705491
83466965
55870532
46815323
28695278
94874715
97203615
50889210
89827741
92571191
69228445
87348447
48583176
69388357
82195813
49025979
98349202
74920503
62313782
40456927
30040131
29726890
35662034
97262149
46969744
50062923
54864882
10200828
17796018
35189230
94310545
28947756
77181971
36126688
48120904
21618096
38404059
94424968
80791131
37527062
18212179
77708442
30660077
19457177
72142956
52502721
82562407
10817630
59911545
37210728
74102129
31364938
80434045
68062118
25192862
86348191
19540004
88695792
36114746
27525995
65162056
45453991
17224721
86545391
16510680
89227027
73596191
40671026
85511634
46336006
12332429
42528931
81537853
97688387
50197129
46280834
65850499
27701913
11399596
28576979
93806813
24450169
51636950
91556992
48654101
81593396
36609847
78335807
36930974
14463630
87803889
27103194
15253834
90251471
22741826
65333570
61414354
32816848
77194952
21310503
79948678
62129397
19731612
42494709
17836218
50152580
71151163
58051966
30450068
91112998
45458026
14853371
27696244
77262121
93006684
61443501
98360861
76150968
48742180
27603440
58788658
71598324
20272794
42711520
48984852
87571277
21141917
46142183
16298460
94409410
19440552
50187211
57339660
46490053
70305805
21103586
37623383
59361338
41146066
88395232
34673545
50955165
40638117
48253393
91440404
51527932
68373282
70831673
39318328
49920985
77941711
36912583
67912295
77795173
30202803
99876889
55515756
85936656
93910477
53915125
35891819
60277008
37446330
73763110
75016990
71378493
21365147
47606906
88897469
63119070
79111929
16107494
63023229
55038236
67981140
63542983
25323304
91527320
62987975
46844483
72363482
71279512
97056857
36051662
75057621
16756060
26135138
30726473
26259330
43948303
99494039
60284868
34709253
11400281
93115957
63060580
68865403
48552081
17443680
31935443
97962128
27103891
93839781
65327046
47331361
75640999
10546458
79271668
27343892
84718203
37978878
43871772
15353202
81197763
98627948
85887608
68582602
31434196
35540992
17195315
74002602
15082288
31317908
81547144
22912809
97150000
92074532
69500664
98095137
65009741
53253927
89680507
72717194
52661247
66479444
62912803
33849090
95835551
67823988
99744282
53288329
37731467
62671593
76693673
80458114
41864966
27683300
28202931
24769597
50339044
63443796
10460836
74446090
68638408
98912905
53463046
58007903
39192840
88728426
23692850
79469345
37956781
38094799
22008611
17633042
99017494
20277372
54191078
29663064
87455931
75502765
15254694
42380047
89749909
36824323
51079945
26089215
31098011
82366033
49838104
63236792
34869313
32384026
41917381
97874972
29244658
19901430
98174133
47254180
40332295
86112952
82202971
89825374
74659979
40015968
37682447
30154770
85867054
16775454
27996498
42324703
83882579
49498885
51944495
98783347
95011140
58586445
64053820
99383014
22870917
74840389
11088960
47624628
70491590
18138707
27878255
95009365
20738801
93267497
92020304
52012539
63577572
26290694
77230143
80715495
16933177
86331942
62103439
13355497
75713480
88863943
74551794
58919950
69832154
58598669
41735255
87255598
31769154
45384865
32327972
70095862
50883787
11483264
21619739
26276213
29459242
55311528
23032392
64138889
56879611
52340162
51748621
24391167
43784253
96323328
99272111
91718810
81023032
43807061
26915679
48843337
87054719
85062793
65974115
38852697
74761807
92552854
94800519
23853148
79761425
78105852
13737842
26628505
32294268
35683265
93674773
83371795
22422103
28879548
95620532
10180060
70923469
26869447
31988886
15108152
34584507
34398706
88076014
74857775
26979114
51734991
94182422
62626653
89249336
20990806
18790710
79578519
80320771
38668691
79353102
90447216
85126912
16302973
76590679
43812603
57731943
87596289
12702046
47912107
47135503
59004916
73891477
43655409
70905556
59782464
88040597
31157165
14014469
58321112
13517209
95762877
86009941
23950627
76981574
63122708
38933610
93606309
72431115
77867506
13452820
53205452
88941475
94906821
79043099
90377434
57650999
84357276
83738417
36089449
38103329
22520132
99555462
68833568
29370700
89430529
50836219
53516273
39916087
26953963
49910894
75914635
31528856
13498850
12463796
61994979
58632093
99191471
57510564
75624283
67487693
74926392
82170960
75656844
49850638
49187039
65472847
39879989
39300031
54919417
95574070
27750335
13252357
29772134
97998629
47532268
74884516
46136530
64048637
27496604
27262083
21864583
10779567
75519036
54341842
20410988
43122352
65887947
59266631
50445214
77552264
48389002
52831619
21782185
48053130
99232448
37140884
82371298
47326494
40673831
79262227
65080677
64581306
14415734
81997166
23526567
26891759
72217228
62264768
36780343
72566944
69771190
62944220
73246998
80849357
51376925
74714473
54803631
79814669
65382735
84181543
89029620
26168858
51539816
62881488
14824983
29648134
24107741
50415257
63281634
61925388
41790039
88181044
47612290
19305475
19898303
87638297
14170602
17882804
26241222
36581764
67472295
27354162
97690663
18027435
49256012
66823396
75182339
85083136
15751312
98189410
65397026
58060359
31525854
99455656
43137751
40204248
95574153
10592854
45088002
42295923
26887069
97306657
11054384
13309627
40704464
19790298
29117789
36545873
23358232
50967705
30324825
15430542
49772246
40598022
94770119
57118172
61304239
34099395
75512258
51509554
67150844
54428153
51656475
62964778
75431511
49403774
48154430
26873792
62458710
74856864
42714291
77739561
28826708
62856977
86130240
86478157
96897258
78289518
54349867
74643043
30129661
79427054
82917788
73696552
64042993
25094692
34343329
20993084
62782332
12782832
28883916
16387481
18263957
63501448
51175031
81256752
30124811
10875934
54223016
75220514
75038769
74411823
32569999
40240408
86949303
85840616
19195308
54522815
82062612
64778676
83469965
48372579
50078751
35895526
12490421
35854375
53291965
15239936
93353753
92417503
46365493
75873566
75508292
93856138
91413152
29577986
53722522
46545007
40227836
74559549
87994041
30116818
24482911
19287670
38484987
83756115
62954312
68402394
30552728
38057956
37492384
74258153
12202469
71036800
82323639
42984775
37591774
84273149
45392271
52983000
85973599
59725057
54908365
70765784
70626271
14659036
77971943
78654457
78964142
82430861
39549204
66975013
43906338
27934186
16861018
14564720
33445515
52347931
56670632
27288977
33270180
32851621
65971616
32226301
70025237
18219638
33118113
21506422
20113477
64101616
49378236
80701310
28982734
80734733
69538904
40154776
45027594
40567874
70431971
67090599
44123743
67323502
49526208
53911935
99943185
32025729
36202374
91109471
45111168
41778968
52468884
80873656
34409880
31129663
55835282
86427058
44136806
36087493
49167851
99487254
41416472
83137696
81800725
85369015
54178087
67085021
71553167
95345407
55754768
90599746
27092885
98279357
59835906
76493437
44663080
90341379
22206363
61407547
25076443
19960005
30623568
29678242
50002637
86796341
75944254
61543371
54582339
52434234
18009246
31068533
26867182
10453526
36589225
41540466
84949310
65896507
45708550
31361712
23881781
10972968
16101497
58472884
56982098
55849268
80561051
98288917
43278290
74154160
88607426
36661657
76579594
65194644
39873751
54520848
29737428
71902845
99589528
72985726
20007897
11943638
66817237
42818099
48057022
21242546
18340088
38485447
68464067
97426449
58147348
19463466
46896091
97762389
15457858
51651040
47304073
32602154
87007335
93054024
22388001
18150941
97805997
28334539
97037804
39757255
57744304
69269395
62303011
87355707
33363162
74839343
34658737
60246027
41269080
74601898
24818424
21550549
33577994
60295061
70285713
17709275
79772947
81400365
86723889
87883331
13453967
54377255
63170024
71329124
33917089
85747202
72981082
76457393
74145053
54847055
40159609
13451492
19230009
18265727
10632361
22421992
89440882
95949159
15392306
45597563
67069073
10802786
18648631
34374813
84231569
24293969
42435364
25842414
73963331
10182472
27378029
45129260
11937007
36264557
46206765
46465793
82025822
54300951
85224933
71353408
92277734
53125944
20730228
17092899
85928784
28895899
85434950
65111700
71799899
67537340
13683242
71178648
29389402
19818179
77699266
46022232
61570040
77690015
23768083
12207054
16124828
85051068
32465469
56038536
83482087
66561632
48464452
60587164
70353114
23781543
14816268
11670313
34518421
69595801
73688837
39466810
29415397
57460665
76436616
89094896
90311485
78612971
81894388
17452749
46906240
99735849
12340953
32613732
36815104
25783392
56965362
59789251
58146866
13574131
35835220
82991022
66484007
66333083
17245663
52215786
88780619
55541185
88774960
21816759
65930259
25389921
45339740
16044803
65199427
49091851
46508488
20604096
57157338
71597188
64028328
82639439
93700122
14448777
24271378
14011191
72808115
77501758
80169923
91426972
62159734
78667357
59053039
77217748
31566019
21882514
59438276
90588444
51631950
94357009
62681330
66588802
39317098
19035987
21926634
90085817
20467983
44187507
26610605
74731517
80558590
96015144
84812992
22643579
90031967
82648252
52558250
25258425
86461045
31470849
35756218
82524372
59780494
29374731
49452505
43735928
93805077
27910877
38235789
27057311
71825433
59418629
19234551
95496862
86260273
15337053
58101217
87478480
77116088
46572688
18962070
67257890
40214738
27055995
54472676
47623253
38715466
51666954
23505430
72187370
96697282
87311617
66819954
25591292
65334149
23756649
23522012
57175739
89512569
20669205
78387608
31285633
72603440
73432784
56660781
29362962
23125149
44678053
73714149
85848419
24527433
12366192
93507689
76279753
57243177
13221544
23205382
13453258
70663564
29196271
80118130
94190153
32142821
55489588
81211324
64795362
72909368
92076053
91092952
23176540
26110758
91021854
50093111
19555002
12459927
56682160
97112195
75707761
51679874
65031421
41932020
84034099
86202460
76321840
83906130
42783466
53062683
74493097
92302983
83260005
79959910
18143072
98492891
61749629
96701920
81154982
57313786
60356549
23078849
40666442
91397173
76819861
57394056
37961917
16501262
83313444
55380291
85517937
77847531
16538256
99740258
10221484
19451643
69287930
28522928
14890743
37147460
95755726
29312364
18957616
80495048
43792416
47612552
40992827
53707859
67452594
61226877
47410261
73513188
51479698
90262473
25464584
25641525
54067040
25880326
92025531
18302441
86375982
59219624
62240338
66366848
51967187
47094610
37164124
82853106
50590935
31155126
48451993
97480441
14020169
17693725
58343145
49379905
51155007
78719276
30662981
71556406
73942951
56605043
82199336
87443487
90768602
62090140
45833828
14107079
17726648
89209309
83635440
96750726
21731718
33719467
34849329
55289179
23855912
95637425
33397692
77114908
65111915
93760141
29870606
63908018
22678413
23798140
58486510
71176280
50203637
35688739
94941806
42853618
39682819
99389308
48934031
61828487
15567362
61524059
80798596
80021725
94109754
57722268
59424527
73686704
33587746
87244396
33969672
74097678
73083187
65963517
34112210
56723288
15484565
98599026
38435899
81070722
75755445
76730953
30200872
92274135
33300963
70352445
22916978
77201290
44512659
14472328
44409446
60021574
16372073
92530597
70760797
36798788
57399900
86074288
36635898
85404924
75378311
21260137
45209216
30704503
44531287
67907150
72515395
74139813
56072201
14144247
68845440
26950856
29140727
76796930
38749080
30814070
73715848
59469755
46765217
49996077
10704052
21178345
91597240
31040170
50136412
45035353
77461200
46797685
53891897
76742869
88744304
26916791
29925957
98724857
97087599
83508195
38018415
17237808
14283702
61734780
99631245
68050666
70892218
45032059
11440467
95488946
38519905
87297037
60889562
25527202
60654533
78055855
95967933
10468856
32586860
15850366
47573548
93963523
94936384
50970739
84272285
95424982
14606832
55980602
73911595
94517737
31424357
